配置刷卡器默认读取扇区1 块0--自动寻卡

配置读卡扇区 byte3: 1
配置读卡块 byte4: 0
配置读卡秘钥类型 byte5: A=0x60
配置读卡秘钥 byte6-byte11: 4d 41 4b 45 47 52
配置读卡时间间隔 每次byte12: 07=700毫秒
配置读卡器循环读卡byte13:0x01 循环读卡打开

0  1  2  3  4  5  6  7  8  9  10 11 12 13 14 15 16 17 18 19 20 21 22 23 24 25 26 27 28 29 30 31 32
7E 10 04 01 00 60 4d 41 4b 45 47 52 07 01 00 00 00 00 00 00 00 00 00 00 00 00 00 00 00 00 00 1A AA  //发送该条


配置刷卡器默认读取扇区1 块0--关闭自动寻卡

配置读卡扇区 byte3: 1
配置读卡块 byte4: 0
配置读卡秘钥类型 byte5: A=0x60
配置读卡秘钥 byte6-byte11: 4d 41 4b 45 47 52
配置读卡时间间隔 每次byte12: 0x00=0x00毫秒
配置读卡器循环读卡byte13:0x02 循环读卡关闭

0  1  2  3  4  5  6  7  8  9  10 11 12 13 14 15 16 17 18 19 20 21 22 23 24 25 26 27 28 29 30 31 32
7E 10 04 01 00 60 4d 41 4b 45 47 52 00 02 00 00 00 00 00 00 00 00 00 00 00 00 00 00 00 00 00 1E AA //发送该条



获取读卡器状态
0  1  2  3  4  5  6  7  8  9  10 11 12 13 14 15 16 17 18 19 20 21 22 23 24 25 26 27 28 29 30 31 32
7E 10 07 00 00 00 00 00 00 00 00 00 00 00 00 00 00 00 00 00 00 00 00 00 00 00 00 00 00 00 00 69 AA //发送该条

该条返回的是读卡器的参数
配置读卡器循环读卡byte13:0x02 循环读卡关闭，0x01 循环读卡打开
0  1  2  3  4  5  6  7  8  9  10 11 12 13 14 15 16 17 18 19 20 21 22 23 24 25 26 27 28 29 30 31 32
7E 01 02 00 00 60 00 00 00 00 00 00 01 02 00 00 00 00 00 00 00 00 00 00 00 00 00 00 00 00 09 17 AA


1.向卡读卡器发送指令，读卡器将byte1修改为0x01，然后将所发送的数据返回。
2.byte=31校验 ,包尾, 当前字节除外所有字节异或。
3.默认关闭自动寻卡
